Accuracy|Precision|Recall|F1 score|Kappa|ROC AUC|
0.6360294117647058|0.6808510638297872|0.7066246056782335|0.6934984520123838|0.24591495260364882|0.6841569504856932

0,1,0,0,1,1,0,1,1,0,1,0,0,1,0,0,1,1,0,0,0,0,1,1,1,0,1,1,1,1,1,0,1,1,0,1,1,1,0,1,1,1,0,1,0,1,1,1,1,1,0,1,0,1,0,0,1,1,0,1,1,1,0,1,0,0,0,1,0,0,0,0,0,1,1,1,1,0,0,1,1,1,1,1,1,0,1,0,1,1,1,1,0,0,1,0,1,0,0,1,0,0,1,1,0,1,1,1,1,1,1,0,1,1,1,1,0,1,0,0,1,1,1,0,0,1,1,0,1,1,1,1,1,0,0,0,0,1,0,1,0,1,1,0,1,0,0,0,1,0,0,0,0,0,1,1,0,0,1,1,1,1,1,0,1,1,0,1,0,1,1,0,1,0,0,0,0,0,1,1,0,1,0,1,0,1,1,1,1,1,1,0,0,1,1,0,1,0,0,1,1,1,1,1,1,0,0,1,0,1,1,0,1,1,0,1,1,0,1,1,0,0,1,1,0,0,0,1,1,0,1,0,1,1,0,0,1,1,0,1,1,0,0,1,1,0,1,0,0,1,0,1,1,1,1,1,1,0,0,0,0,1,1,0,1,1,1,0,0,0,1,1,1,0,1,1,1,0,0,1,0,0,1,1,1,1,1,1,0,0,1,0,1,0,0,1,0,1,1,0,1,0,0,0,1,1,0,0,0,0,1,0,0,0,0,0,1,1,1,1,1,1,1,1,0,0,1,1,0,0,0,1,0,0,1,0,0,1,1,1,1,1,1,0,1,0,1,1,1,0,0,0,1,1,1,1,0,1,0,1,1,1,0,1,0,1,1,1,0,1,1,1,0,1,0,0,1,1,1,1,0,1,0,1,1,0,1,1,0,1,0,0,1,1,0,1,0,1,1,1,0,0,0,0,0,1,0,0,1,0,1,0,0,1,1,1,1,1,1,1,1,1,1,1,1,0,1,1,1,1,1,1,1,0,0,1,0,1,1,1,0,1,1,1,1,1,1,0,1,0,1,0,0,1,1,1,1,0,1,0,0,0,1,0,1,1,1,1,1,0,1,0,1,0,1,1,0,0,1,1,1,1,1,1,1,0,1,1,0,1,0,1,1,0,1,1,1,0,0,1,1,0,1,1,0,0,0,1,0,1,1,1,0,0,0,1,1,1,0,0,1,0,0,0,0,0,1,1,1,0,1,1,0,0,1,1,1,0,0,1,0,0,1,1
1,1,0,0,1,1,0,1,0,0,1,0,1,0,0,1,1,1,0,0,1,1,1,1,1,0,1,1,1,1,1,0,1,0,1,1,1,0,0,1,1,0,0,1,0,0,1,1,1,0,1,0,1,1,0,0,0,0,0,1,0,0,1,1,0,0,0,1,1,0,0,0,0,1,0,1,1,1,0,0,1,1,1,1,0,0,1,1,0,1,1,1,0,0,1,1,1,0,0,0,0,0,0,1,1,1,1,1,1,1,1,0,0,1,1,0,1,0,1,0,1,1,0,0,1,1,1,0,0,1,1,0,0,0,1,1,1,0,1,1,1,1,0,1,1,1,0,1,1,1,1,1,1,0,1,1,0,0,0,0,1,1,0,1,1,1,0,1,0,1,0,0,1,0,0,0,0,1,1,1,1,0,1,1,0,1,0,1,1,1,1,1,0,1,1,1,1,1,1,1,0,1,1,0,1,1,1,1,1,1,0,1,0,1,0,0,0,0,1,1,1,0,1,1,0,1,0,1,1,0,1,1,0,1,1,1,0,1,0,1,1,0,1,0,1,0,0,1,1,1,1,1,0,0,1,1,1,0,1,1,1,0,0,0,0,1,1,1,0,0,1,0,1,1,0,1,1,1,0,0,0,0,1,0,1,1,1,1,0,1,1,1,1,0,1,1,1,1,0,0,1,1,0,0,1,1,1,0,0,0,1,0,0,1,1,1,1,1,0,0,1,1,1,1,1,0,0,1,1,0,1,0,0,0,1,0,0,1,1,1,1,1,1,0,0,1,1,1,1,0,1,1,1,1,1,1,0,0,1,1,1,1,1,0,0,1,1,1,1,1,1,0,1,1,1,0,1,1,0,1,0,1,1,0,1,0,0,1,0,0,1,0,1,0,1,0,1,1,1,1,0,0,0,0,1,1,0,1,1,0,1,1,1,1,1,1,0,0,1,0,0,1,1,1,1,0,1,0,0,1,0,1,1,1,1,1,0,1,0,1,0,1,0,1,1,0,1,1,0,1,1,0,0,1,0,1,1,0,0,1,1,0,1,0,1,0,1,1,0,0,1,1,1,0,1,1,1,0,0,1,1,1,0,1,1,0,0,0,0,1,0,0,1,1,1,1,0,1,1,1,0,0,1,1,0,1,0,1,0,1,1,1,0,0,1,1,1,1,1,1,1,1,1,1,0,0,0,1,1,0,1,1,1,0,0,1,0,1,0,0,0,1,1,1

              precision    recall  f1-score   support

    Relevant       0.57      0.54      0.55       227
  Irrelevant       0.68      0.71      0.69       317

    accuracy                           0.64       544
   macro avg       0.62      0.62      0.62       544
weighted avg       0.63      0.64      0.63       544
