Accuracy|Precision|Recall|F1 score|Kappa|ROC AUC|
0.6378676470588235|0.7127659574468085|0.6340694006309149|0.671118530884808|0.2713030706883891|0.692078127822788

0,1,0,0,1,1,0,1,1,0,1,0,0,1,0,0,1,1,0,0,0,0,1,1,1,0,1,1,1,1,1,0,1,1,0,1,1,1,0,1,1,1,0,1,0,1,1,1,1,1,0,1,0,1,0,0,1,1,0,1,1,1,0,1,0,0,0,1,0,0,0,0,0,1,1,1,1,0,0,1,1,1,1,1,1,0,1,0,1,1,1,1,0,0,1,0,1,0,0,1,0,0,1,1,0,1,1,1,1,1,1,0,1,1,1,1,0,1,0,0,1,1,1,0,0,1,1,0,1,1,1,1,1,0,0,0,0,1,0,1,0,1,1,0,1,0,0,0,1,0,0,0,0,0,1,1,0,0,1,1,1,1,1,0,1,1,0,1,0,1,1,0,1,0,0,0,0,0,1,1,0,1,0,1,0,1,1,1,1,1,1,0,0,1,1,0,1,0,0,1,1,1,1,1,1,0,0,1,0,1,1,0,1,1,0,1,1,0,1,1,0,0,1,1,0,0,0,1,1,0,1,0,1,1,0,0,1,1,0,1,1,0,0,1,1,0,1,0,0,1,0,1,1,1,1,1,1,0,0,0,0,1,1,0,1,1,1,0,0,0,1,1,1,0,1,1,1,0,0,1,0,0,1,1,1,1,1,1,0,0,1,0,1,0,0,1,0,1,1,0,1,0,0,0,1,1,0,0,0,0,1,0,0,0,0,0,1,1,1,1,1,1,1,1,0,0,1,1,0,0,0,1,0,0,1,0,0,1,1,1,1,1,1,0,1,0,1,1,1,0,0,0,1,1,1,1,0,1,0,1,1,1,0,1,0,1,1,1,0,1,1,1,0,1,0,0,1,1,1,1,0,1,0,1,1,0,1,1,0,1,0,0,1,1,0,1,0,1,1,1,0,0,0,0,0,1,0,0,1,0,1,0,0,1,1,1,1,1,1,1,1,1,1,1,1,0,1,1,1,1,1,1,1,0,0,1,0,1,1,1,0,1,1,1,1,1,1,0,1,0,1,0,0,1,1,1,1,0,1,0,0,0,1,0,1,1,1,1,1,0,1,0,1,0,1,1,0,0,1,1,1,1,1,1,1,0,1,1,0,1,0,1,1,0,1,1,1,0,0,1,1,0,1,1,0,0,0,1,0,1,1,1,0,0,0,1,1,1,0,0,1,0,0,0,0,0,1,1,1,0,1,1,0,0,1,1,1,0,0,1,0,0,1,1
1,1,0,0,1,1,0,1,1,0,1,0,0,0,0,1,1,1,0,0,0,1,1,1,0,0,1,1,1,1,1,0,1,0,1,1,1,0,0,0,1,0,0,1,0,0,1,0,1,0,0,0,1,1,0,0,0,0,0,1,0,0,1,1,0,0,0,1,1,0,0,0,0,0,0,1,1,0,0,0,1,1,0,1,0,0,0,1,0,1,1,1,0,1,1,1,0,0,0,1,0,0,0,1,0,1,1,1,1,1,1,0,0,1,1,0,1,0,0,0,1,1,1,0,1,1,0,0,0,1,1,0,0,1,1,1,0,0,0,1,0,1,0,1,1,1,0,0,1,1,0,1,0,0,1,1,0,0,0,0,1,1,0,1,1,1,0,1,0,1,0,0,1,0,0,0,0,1,1,1,1,0,1,1,0,1,0,1,0,1,1,1,0,1,1,1,1,0,1,1,0,1,1,0,1,1,1,1,1,1,0,1,1,0,0,0,0,0,1,1,1,0,1,0,0,0,0,1,1,0,1,1,0,0,0,1,1,1,0,1,1,0,1,1,0,0,0,0,1,1,1,0,0,0,1,1,1,1,1,0,1,0,0,0,0,1,1,1,0,0,1,0,1,0,0,1,0,0,0,0,0,0,1,0,1,1,1,0,1,1,0,1,1,1,1,1,0,1,0,0,1,0,0,0,1,0,1,0,0,0,1,0,0,1,1,1,0,0,0,0,1,1,0,1,0,1,0,1,0,0,0,0,0,1,1,0,0,0,1,1,1,1,0,1,0,0,1,1,1,0,1,0,1,1,1,1,0,0,1,1,1,1,0,0,0,1,1,1,1,1,1,0,1,1,1,0,1,1,0,1,0,1,1,0,1,0,0,1,0,1,1,0,1,1,1,0,1,1,1,0,0,0,0,0,0,1,0,1,1,0,0,1,0,0,1,1,1,0,0,1,0,1,0,1,0,0,1,0,1,1,1,0,1,1,0,1,0,1,0,1,0,0,0,1,1,0,1,1,1,1,1,0,0,1,0,1,1,0,0,1,1,0,0,1,1,0,1,1,0,0,1,0,1,0,1,1,0,0,0,1,1,1,0,1,1,0,0,0,0,1,0,0,0,1,0,1,0,1,1,0,0,0,1,1,0,1,0,1,0,1,1,1,1,0,0,0,1,1,1,1,1,1,1,1,1,0,0,1,0,0,1,1,0,0,0,1,0,1,0,1,0,0,1,1

              precision    recall  f1-score   support

    Relevant       0.56      0.64      0.60       227
  Irrelevant       0.71      0.63      0.67       317

    accuracy                           0.64       544
   macro avg       0.64      0.64      0.63       544
weighted avg       0.65      0.64      0.64       544
