Accuracy|Precision|Recall|F1 score|Kappa|ROC AUC|
0.7058823529411765|0.7984790874524715|0.6624605678233438|0.7241379310344828|0.41496726666577055|0.77753998804875

0,1,0,0,1,1,0,1,1,0,1,0,0,1,0,0,1,1,0,0,0,0,1,1,1,0,1,1,1,1,1,0,1,1,0,1,1,1,0,1,1,1,0,1,0,1,1,1,1,1,0,1,0,1,0,0,1,1,0,1,1,1,0,1,0,0,0,1,0,0,0,0,0,1,1,1,1,0,0,1,1,1,1,1,1,0,1,0,1,1,1,1,0,0,1,0,1,0,0,1,0,0,1,1,0,1,1,1,1,1,1,0,1,1,1,1,0,1,0,0,1,1,1,0,0,1,1,0,1,1,1,1,1,0,0,0,0,1,0,1,0,1,1,0,1,0,0,0,1,0,0,0,0,0,1,1,0,0,1,1,1,1,1,0,1,1,0,1,0,1,1,0,1,0,0,0,0,0,1,1,0,1,0,1,0,1,1,1,1,1,1,0,0,1,1,0,1,0,0,1,1,1,1,1,1,0,0,1,0,1,1,0,1,1,0,1,1,0,1,1,0,0,1,1,0,0,0,1,1,0,1,0,1,1,0,0,1,1,0,1,1,0,0,1,1,0,1,0,0,1,0,1,1,1,1,1,1,0,0,0,0,1,1,0,1,1,1,0,0,0,1,1,1,0,1,1,1,0,0,1,0,0,1,1,1,1,1,1,0,0,1,0,1,0,0,1,0,1,1,0,1,0,0,0,1,1,0,0,0,0,1,0,0,0,0,0,1,1,1,1,1,1,1,1,0,0,1,1,0,0,0,1,0,0,1,0,0,1,1,1,1,1,1,0,1,0,1,1,1,0,0,0,1,1,1,1,0,1,0,1,1,1,0,1,0,1,1,1,0,1,1,1,0,1,0,0,1,1,1,1,0,1,0,1,1,0,1,1,0,1,0,0,1,1,0,1,0,1,1,1,0,0,0,0,0,1,0,0,1,0,1,0,0,1,1,1,1,1,1,1,1,1,1,1,1,0,1,1,1,1,1,1,1,0,0,1,0,1,1,1,0,1,1,1,1,1,1,0,1,0,1,0,0,1,1,1,1,0,1,0,0,0,1,0,1,1,1,1,1,0,1,0,1,0,1,1,0,0,1,1,1,1,1,1,1,0,1,1,0,1,0,1,1,0,1,1,1,0,0,1,1,0,1,1,0,0,0,1,0,1,1,1,0,0,0,1,1,1,0,0,1,0,0,0,0,0,1,1,1,0,1,1,0,0,1,1,1,0,0,1,0,0,1,1
1,1,0,0,1,1,0,1,1,0,1,0,1,0,0,0,1,1,0,0,0,1,1,1,0,1,1,1,1,1,1,0,1,0,0,1,1,0,0,1,1,0,0,1,0,0,1,1,1,0,0,0,0,1,0,0,0,1,0,1,0,1,0,1,0,0,0,1,1,0,0,1,1,1,0,1,1,0,0,1,0,1,1,0,1,0,1,1,0,1,1,1,0,0,0,0,1,0,0,0,0,0,0,1,0,1,1,1,1,1,1,1,0,1,1,0,0,0,0,0,1,0,0,0,0,1,1,0,0,0,1,0,0,1,1,1,0,1,1,0,0,0,0,0,0,1,1,0,1,0,0,0,0,0,1,1,0,0,0,0,1,1,0,0,1,1,0,1,0,1,0,0,1,0,0,0,0,0,1,1,0,0,1,0,1,1,1,1,1,1,1,0,0,1,0,1,1,0,0,0,1,0,1,0,1,1,0,1,0,1,1,0,0,1,0,0,0,0,1,1,1,0,1,0,0,0,1,0,1,0,0,0,0,1,0,0,0,1,0,1,1,0,1,0,1,1,0,1,0,0,1,1,1,0,1,1,1,1,1,0,1,1,1,1,0,0,1,0,0,0,1,1,1,0,1,1,1,0,1,0,0,0,1,0,1,1,1,1,1,0,1,0,1,0,1,1,1,1,1,0,1,0,1,0,1,0,0,0,0,0,1,0,0,0,0,1,0,0,0,0,1,1,1,1,0,0,1,1,0,0,0,1,1,1,1,1,0,0,1,1,1,1,0,0,0,0,1,0,1,1,1,0,1,0,1,1,0,1,0,1,1,1,0,0,1,1,1,1,0,1,1,0,1,1,0,0,1,1,1,1,0,0,0,1,1,0,0,0,0,1,0,1,0,0,0,0,1,1,0,1,0,0,0,0,0,1,0,0,1,0,0,0,0,1,1,1,0,0,0,1,0,1,1,1,1,0,1,0,1,1,0,1,0,1,0,0,0,1,0,1,0,1,0,1,1,1,1,0,1,0,1,0,0,1,0,1,1,0,0,0,0,0,1,0,1,0,0,1,0,0,1,1,1,0,1,1,0,0,0,1,0,1,1,1,0,0,1,0,0,0,0,1,1,1,0,0,1,0,1,0,0,0,1,0,0,0,0,1,1,1,0,1,0,0,0,0,1,0,1,0,1,0,0,1,0,0,0,1,1,0,1,1,1,0,0,1,1,0,0,0,1,0,1,1

              precision    recall  f1-score   support

    Relevant       0.62      0.77      0.69       227
  Irrelevant       0.80      0.66      0.72       317

    accuracy                           0.71       544
   macro avg       0.71      0.71      0.70       544
weighted avg       0.72      0.71      0.71       544
