Accuracy|Precision|Recall|F1 score|Kappa|ROC AUC|
0.6617647058823529|0.7097791798107256|0.7097791798107256|0.7097791798107257|0.30449283619839074|0.7386845286899484

0,1,0,0,1,1,0,1,1,0,1,0,0,1,0,0,1,1,0,0,0,0,1,1,1,0,1,1,1,1,1,0,1,1,0,1,1,1,0,1,1,1,0,1,0,1,1,1,1,1,0,1,0,1,0,0,1,1,0,1,1,1,0,1,0,0,0,1,0,0,0,0,0,1,1,1,1,0,0,1,1,1,1,1,1,0,1,0,1,1,1,1,0,0,1,0,1,0,0,1,0,0,1,1,0,1,1,1,1,1,1,0,1,1,1,1,0,1,0,0,1,1,1,0,0,1,1,0,1,1,1,1,1,0,0,0,0,1,0,1,0,1,1,0,1,0,0,0,1,0,0,0,0,0,1,1,0,0,1,1,1,1,1,0,1,1,0,1,0,1,1,0,1,0,0,0,0,0,1,1,0,1,0,1,0,1,1,1,1,1,1,0,0,1,1,0,1,0,0,1,1,1,1,1,1,0,0,1,0,1,1,0,1,1,0,1,1,0,1,1,0,0,1,1,0,0,0,1,1,0,1,0,1,1,0,0,1,1,0,1,1,0,0,1,1,0,1,0,0,1,0,1,1,1,1,1,1,0,0,0,0,1,1,0,1,1,1,0,0,0,1,1,1,0,1,1,1,0,0,1,0,0,1,1,1,1,1,1,0,0,1,0,1,0,0,1,0,1,1,0,1,0,0,0,1,1,0,0,0,0,1,0,0,0,0,0,1,1,1,1,1,1,1,1,0,0,1,1,0,0,0,1,0,0,1,0,0,1,1,1,1,1,1,0,1,0,1,1,1,0,0,0,1,1,1,1,0,1,0,1,1,1,0,1,0,1,1,1,0,1,1,1,0,1,0,0,1,1,1,1,0,1,0,1,1,0,1,1,0,1,0,0,1,1,0,1,0,1,1,1,0,0,0,0,0,1,0,0,1,0,1,0,0,1,1,1,1,1,1,1,1,1,1,1,1,0,1,1,1,1,1,1,1,0,0,1,0,1,1,1,0,1,1,1,1,1,1,0,1,0,1,0,0,1,1,1,1,0,1,0,0,0,1,0,1,1,1,1,1,0,1,0,1,0,1,1,0,0,1,1,1,1,1,1,1,0,1,1,0,1,0,1,1,0,1,1,1,0,0,1,1,0,1,1,0,0,0,1,0,1,1,1,0,0,0,1,1,1,0,0,1,0,0,0,0,0,1,1,1,0,1,1,0,0,1,1,1,0,0,1,0,0,1,1
1,0,0,0,1,1,0,1,0,0,1,0,0,0,0,0,1,1,1,0,1,1,1,1,1,1,1,1,1,1,1,0,1,1,0,1,1,0,0,0,1,1,0,1,0,0,1,1,1,1,0,0,0,1,0,0,0,0,1,1,1,1,0,1,0,0,0,0,1,1,0,0,1,1,0,1,1,1,0,1,1,0,1,1,1,0,1,1,0,1,1,1,0,0,1,0,1,0,1,1,0,1,0,1,0,1,1,1,1,1,1,0,1,1,1,0,1,0,0,0,1,0,0,0,1,1,1,0,1,0,1,0,0,1,0,1,0,0,1,1,0,0,0,0,1,0,1,0,1,1,1,1,1,0,1,1,0,0,0,0,1,1,0,0,1,1,0,1,0,1,1,0,0,0,0,0,0,1,1,0,1,0,1,1,0,1,1,1,1,1,1,1,0,1,0,1,1,1,1,1,1,0,1,0,0,1,1,1,1,1,1,0,1,1,0,0,0,1,0,1,1,0,1,0,0,0,0,0,0,1,0,0,0,1,1,0,0,1,0,1,1,0,1,1,1,0,1,1,1,0,1,1,0,1,0,1,1,0,1,0,1,0,1,1,1,0,1,1,1,0,1,1,1,1,1,1,1,0,0,0,0,1,1,0,1,1,1,1,1,0,1,1,1,0,0,1,1,0,0,0,1,0,0,0,1,0,0,0,0,0,1,0,0,1,0,0,1,1,0,0,1,1,1,1,0,0,1,1,0,0,0,1,0,1,1,1,1,1,1,0,1,1,1,1,1,1,1,1,1,1,1,1,1,1,1,1,0,0,1,1,1,1,1,0,0,1,1,1,1,1,1,1,1,1,1,0,1,1,0,0,0,1,0,1,1,0,0,1,0,1,1,0,1,0,0,0,1,0,0,1,0,0,0,1,0,1,0,1,1,0,0,0,0,1,1,1,1,0,1,1,1,1,0,1,0,1,0,1,1,1,0,0,0,0,0,0,0,1,0,1,1,1,1,1,0,0,1,1,0,1,1,0,0,1,1,1,1,0,0,1,1,0,1,1,1,1,0,1,1,0,1,0,1,0,1,1,1,1,0,1,1,1,0,1,1,0,1,1,0,1,0,0,1,0,0,1,0,1,1,0,0,1,0,1,0,1,0,1,0,1,1,1,0,0,0,0,1,1,1,1,1,0,0,1,1,0,1,0,1,1,1,0,1,0,1,1,1,1,1,0,1,1,1,1

              precision    recall  f1-score   support

    Relevant       0.59      0.59      0.59       227
  Irrelevant       0.71      0.71      0.71       317

    accuracy                           0.66       544
   macro avg       0.65      0.65      0.65       544
weighted avg       0.66      0.66      0.66       544
