Accuracy|Precision|Recall|F1 score|Kappa|ROC AUC|
0.6783088235294118|0.7610294117647058|0.6529968454258676|0.7028862478777589|0.3566176470588235|0.7606727442015591

0,1,0,0,1,1,0,1,1,0,1,0,0,1,0,0,1,1,0,0,0,0,1,1,1,0,1,1,1,1,1,0,1,1,0,1,1,1,0,1,1,1,0,1,0,1,1,1,1,1,0,1,0,1,0,0,1,1,0,1,1,1,0,1,0,0,0,1,0,0,0,0,0,1,1,1,1,0,0,1,1,1,1,1,1,0,1,0,1,1,1,1,0,0,1,0,1,0,0,1,0,0,1,1,0,1,1,1,1,1,1,0,1,1,1,1,0,1,0,0,1,1,1,0,0,1,1,0,1,1,1,1,1,0,0,0,0,1,0,1,0,1,1,0,1,0,0,0,1,0,0,0,0,0,1,1,0,0,1,1,1,1,1,0,1,1,0,1,0,1,1,0,1,0,0,0,0,0,1,1,0,1,0,1,0,1,1,1,1,1,1,0,0,1,1,0,1,0,0,1,1,1,1,1,1,0,0,1,0,1,1,0,1,1,0,1,1,0,1,1,0,0,1,1,0,0,0,1,1,0,1,0,1,1,0,0,1,1,0,1,1,0,0,1,1,0,1,0,0,1,0,1,1,1,1,1,1,0,0,0,0,1,1,0,1,1,1,0,0,0,1,1,1,0,1,1,1,0,0,1,0,0,1,1,1,1,1,1,0,0,1,0,1,0,0,1,0,1,1,0,1,0,0,0,1,1,0,0,0,0,1,0,0,0,0,0,1,1,1,1,1,1,1,1,0,0,1,1,0,0,0,1,0,0,1,0,0,1,1,1,1,1,1,0,1,0,1,1,1,0,0,0,1,1,1,1,0,1,0,1,1,1,0,1,0,1,1,1,0,1,1,1,0,1,0,0,1,1,1,1,0,1,0,1,1,0,1,1,0,1,0,0,1,1,0,1,0,1,1,1,0,0,0,0,0,1,0,0,1,0,1,0,0,1,1,1,1,1,1,1,1,1,1,1,1,0,1,1,1,1,1,1,1,0,0,1,0,1,1,1,0,1,1,1,1,1,1,0,1,0,1,0,0,1,1,1,1,0,1,0,0,0,1,0,1,1,1,1,1,0,1,0,1,0,1,1,0,0,1,1,1,1,1,1,1,0,1,1,0,1,0,1,1,0,1,1,1,0,0,1,1,0,1,1,0,0,0,1,0,1,1,1,0,0,0,1,1,1,0,0,1,0,0,0,0,0,1,1,1,0,1,1,0,0,1,1,1,0,0,1,0,0,1,1
0,1,0,0,1,1,0,1,0,0,1,0,1,0,0,0,1,1,0,0,1,1,1,1,1,1,1,1,1,0,1,0,0,0,0,1,1,1,0,1,1,1,0,1,0,0,1,0,1,0,0,0,0,1,0,0,0,1,0,1,1,1,1,1,0,0,0,1,0,0,0,0,0,1,0,1,0,0,0,1,0,0,1,1,0,0,1,1,0,1,1,1,0,0,0,0,1,0,1,0,0,0,0,1,0,1,1,1,1,1,1,0,0,0,1,0,1,0,0,0,1,0,0,0,1,1,1,1,0,0,1,0,1,0,0,1,0,1,0,0,0,1,0,0,0,1,0,0,0,1,0,0,0,0,1,1,0,0,0,0,1,1,1,0,1,1,0,1,0,1,0,0,1,0,0,0,0,1,1,1,1,0,1,0,1,1,0,1,1,0,1,0,0,1,0,1,1,0,0,1,1,0,1,0,1,0,0,1,1,1,1,0,0,1,1,0,0,1,1,1,1,0,1,1,0,0,1,1,1,0,0,0,0,1,0,1,0,1,0,1,1,0,1,1,1,1,0,0,0,0,0,1,0,0,1,0,1,1,1,0,1,1,0,1,0,0,1,1,0,0,1,1,1,1,0,1,1,1,0,0,0,0,1,0,1,1,1,1,1,0,1,0,1,0,1,1,0,1,1,0,1,0,0,0,1,1,0,0,0,0,1,0,0,0,0,0,1,1,0,0,1,1,1,1,0,0,1,1,0,0,0,1,1,1,1,0,0,0,1,1,1,1,0,0,0,1,1,0,1,1,1,0,1,1,1,1,1,0,0,1,1,1,0,0,1,1,1,1,1,1,1,0,1,1,1,0,1,1,1,0,0,0,0,0,1,0,0,0,0,1,1,1,1,0,1,0,1,1,0,1,0,0,0,0,0,1,0,1,0,0,0,0,0,1,1,1,1,0,1,1,0,1,1,1,1,0,1,1,0,1,0,1,0,1,0,0,0,1,0,1,0,1,0,1,0,0,1,0,0,1,1,0,0,0,0,1,1,0,0,0,0,0,1,1,1,0,0,1,0,0,1,1,1,1,1,1,0,0,0,1,1,1,0,1,0,0,1,1,0,1,0,0,0,1,0,0,1,0,1,0,0,0,0,0,0,0,0,1,0,1,1,1,0,0,0,0,1,0,1,0,1,0,0,1,0,0,1,1,1,1,1,1,1,0,0,1,1,1,1,0,1,1,1,1

              precision    recall  f1-score   support

    Relevant       0.60      0.71      0.65       227
  Irrelevant       0.76      0.65      0.70       317

    accuracy                           0.68       544
   macro avg       0.68      0.68      0.68       544
weighted avg       0.69      0.68      0.68       544
