Accuracy|Precision|Recall|F1 score|Kappa|ROC AUC|
0.6047794117647058|0.7602040816326531|0.47003154574132494|0.580896686159844|0.244483489225363|0.6907961478063896

0,1,0,0,1,1,0,1,1,0,1,0,0,1,0,0,1,1,0,0,0,0,1,1,1,0,1,1,1,1,1,0,1,1,0,1,1,1,0,1,1,1,0,1,0,1,1,1,1,1,0,1,0,1,0,0,1,1,0,1,1,1,0,1,0,0,0,1,0,0,0,0,0,1,1,1,1,0,0,1,1,1,1,1,1,0,1,0,1,1,1,1,0,0,1,0,1,0,0,1,0,0,1,1,0,1,1,1,1,1,1,0,1,1,1,1,0,1,0,0,1,1,1,0,0,1,1,0,1,1,1,1,1,0,0,0,0,1,0,1,0,1,1,0,1,0,0,0,1,0,0,0,0,0,1,1,0,0,1,1,1,1,1,0,1,1,0,1,0,1,1,0,1,0,0,0,0,0,1,1,0,1,0,1,0,1,1,1,1,1,1,0,0,1,1,0,1,0,0,1,1,1,1,1,1,0,0,1,0,1,1,0,1,1,0,1,1,0,1,1,0,0,1,1,0,0,0,1,1,0,1,0,1,1,0,0,1,1,0,1,1,0,0,1,1,0,1,0,0,1,0,1,1,1,1,1,1,0,0,0,0,1,1,0,1,1,1,0,0,0,1,1,1,0,1,1,1,0,0,1,0,0,1,1,1,1,1,1,0,0,1,0,1,0,0,1,0,1,1,0,1,0,0,0,1,1,0,0,0,0,1,0,0,0,0,0,1,1,1,1,1,1,1,1,0,0,1,1,0,0,0,1,0,0,1,0,0,1,1,1,1,1,1,0,1,0,1,1,1,0,0,0,1,1,1,1,0,1,0,1,1,1,0,1,0,1,1,1,0,1,1,1,0,1,0,0,1,1,1,1,0,1,0,1,1,0,1,1,0,1,0,0,1,1,0,1,0,1,1,1,0,0,0,0,0,1,0,0,1,0,1,0,0,1,1,1,1,1,1,1,1,1,1,1,1,0,1,1,1,1,1,1,1,0,0,1,0,1,1,1,0,1,1,1,1,1,1,0,1,0,1,0,0,1,1,1,1,0,1,0,0,0,1,0,1,1,1,1,1,0,1,0,1,0,1,1,0,0,1,1,1,1,1,1,1,0,1,1,0,1,0,1,1,0,1,1,1,0,0,1,1,0,1,1,0,0,0,1,0,1,1,1,0,0,0,1,1,1,0,0,1,0,0,0,0,0,1,1,1,0,1,1,0,0,1,1,1,0,0,1,0,0,1,1
1,1,0,0,1,1,0,0,0,0,1,0,0,0,0,0,1,1,0,0,0,0,0,1,0,1,1,1,1,1,1,0,1,0,0,1,0,0,0,0,1,1,0,1,0,0,1,0,1,0,0,0,0,1,0,0,0,1,1,1,1,1,1,1,0,0,0,1,0,0,0,0,0,1,0,1,0,0,0,1,0,0,0,1,1,0,1,0,0,1,0,0,0,0,0,0,1,0,1,0,0,0,0,1,0,0,1,1,1,0,1,0,0,1,1,0,0,0,0,0,0,1,0,0,1,1,1,0,1,0,1,0,0,0,0,1,0,0,0,0,0,1,0,0,0,0,0,0,0,1,1,0,1,0,0,1,0,0,0,0,1,1,1,0,0,1,0,1,0,1,0,0,1,0,0,0,0,0,1,1,1,0,1,0,0,1,1,1,1,0,1,0,0,1,0,1,0,0,0,0,0,0,1,0,0,0,0,1,0,0,1,0,1,1,1,0,0,1,1,1,0,0,0,0,0,0,0,0,0,0,0,0,0,1,0,0,0,0,0,1,1,0,1,1,0,0,0,1,0,0,1,0,0,0,0,0,1,0,0,0,1,0,0,1,0,0,0,1,1,0,1,1,1,0,0,1,1,1,0,0,0,0,1,0,1,0,1,1,1,0,1,0,1,0,1,0,0,1,0,0,1,0,0,0,0,0,0,0,0,0,1,0,0,1,0,0,1,1,0,0,1,0,1,0,0,0,0,0,0,0,0,0,0,0,0,0,0,0,0,0,1,0,0,0,1,1,1,0,1,0,1,0,1,1,1,1,0,0,0,0,1,1,0,0,1,1,0,1,1,0,0,0,0,1,0,0,1,1,0,0,0,0,0,0,1,0,0,0,0,0,1,0,1,0,0,0,1,1,1,0,0,0,0,0,0,0,0,1,1,0,0,0,0,0,1,0,0,0,0,1,0,1,0,0,0,0,1,1,1,1,0,1,0,0,0,0,0,1,0,1,1,1,0,0,0,0,1,1,0,0,1,0,0,1,0,0,1,0,0,0,1,0,1,1,1,1,0,1,0,0,1,0,0,0,1,0,0,1,0,1,0,0,0,1,0,0,1,0,1,1,0,0,1,0,0,0,1,1,1,0,0,0,0,1,0,0,0,1,0,1,0,0,0,0,0,0,1,0,1,1,0,0,0,1,0,0,0,0,0,1,1,0,1,0,1,0,1,1,0,0,0,0,1,1

              precision    recall  f1-score   support

    Relevant       0.52      0.79      0.63       227
  Irrelevant       0.76      0.47      0.58       317

    accuracy                           0.60       544
   macro avg       0.64      0.63      0.60       544
weighted avg       0.66      0.60      0.60       544
