Accuracy|Precision|Recall|F1 score|Kappa|ROC AUC|
0.6893382352941176|0.7781954887218046|0.6529968454258676|0.7101200686106347|0.38093570716729064|0.7689587126002306

0,1,0,0,1,1,0,1,1,0,1,0,0,1,0,0,1,1,0,0,0,0,1,1,1,0,1,1,1,1,1,0,1,1,0,1,1,1,0,1,1,1,0,1,0,1,1,1,1,1,0,1,0,1,0,0,1,1,0,1,1,1,0,1,0,0,0,1,0,0,0,0,0,1,1,1,1,0,0,1,1,1,1,1,1,0,1,0,1,1,1,1,0,0,1,0,1,0,0,1,0,0,1,1,0,1,1,1,1,1,1,0,1,1,1,1,0,1,0,0,1,1,1,0,0,1,1,0,1,1,1,1,1,0,0,0,0,1,0,1,0,1,1,0,1,0,0,0,1,0,0,0,0,0,1,1,0,0,1,1,1,1,1,0,1,1,0,1,0,1,1,0,1,0,0,0,0,0,1,1,0,1,0,1,0,1,1,1,1,1,1,0,0,1,1,0,1,0,0,1,1,1,1,1,1,0,0,1,0,1,1,0,1,1,0,1,1,0,1,1,0,0,1,1,0,0,0,1,1,0,1,0,1,1,0,0,1,1,0,1,1,0,0,1,1,0,1,0,0,1,0,1,1,1,1,1,1,0,0,0,0,1,1,0,1,1,1,0,0,0,1,1,1,0,1,1,1,0,0,1,0,0,1,1,1,1,1,1,0,0,1,0,1,0,0,1,0,1,1,0,1,0,0,0,1,1,0,0,0,0,1,0,0,0,0,0,1,1,1,1,1,1,1,1,0,0,1,1,0,0,0,1,0,0,1,0,0,1,1,1,1,1,1,0,1,0,1,1,1,0,0,0,1,1,1,1,0,1,0,1,1,1,0,1,0,1,1,1,0,1,1,1,0,1,0,0,1,1,1,1,0,1,0,1,1,0,1,1,0,1,0,0,1,1,0,1,0,1,1,1,0,0,0,0,0,1,0,0,1,0,1,0,0,1,1,1,1,1,1,1,1,1,1,1,1,0,1,1,1,1,1,1,1,0,0,1,0,1,1,1,0,1,1,1,1,1,1,0,1,0,1,0,0,1,1,1,1,0,1,0,0,0,1,0,1,1,1,1,1,0,1,0,1,0,1,1,0,0,1,1,1,1,1,1,1,0,1,1,0,1,0,1,1,0,1,1,1,0,0,1,1,0,1,1,0,0,0,1,0,1,1,1,0,0,0,1,1,1,0,0,1,0,0,0,0,0,1,1,1,0,1,1,0,0,1,1,1,0,0,1,0,0,1,1
1,1,0,0,1,1,0,0,1,0,1,0,0,0,0,0,1,1,0,0,1,1,1,1,0,1,1,1,1,1,1,0,1,0,0,1,1,0,0,0,1,1,0,1,0,1,1,1,1,0,0,1,0,1,0,0,0,1,1,1,0,1,1,1,0,0,1,0,1,0,0,0,0,1,0,1,0,0,0,0,1,0,1,1,1,0,1,1,0,1,1,0,0,0,1,0,0,0,0,0,0,0,0,1,0,0,1,1,1,0,1,0,1,1,1,0,1,1,0,0,1,1,0,0,1,1,1,1,0,0,1,0,1,1,0,1,0,0,1,0,1,0,0,0,0,0,0,0,1,1,0,0,0,0,1,1,0,0,0,0,1,1,1,0,0,1,0,1,0,1,1,0,1,0,0,0,0,0,1,1,0,0,1,0,1,1,1,1,1,1,1,0,0,1,1,1,1,0,0,1,1,0,1,0,0,0,0,1,0,1,0,0,1,1,1,0,1,1,0,1,1,0,1,1,0,0,0,0,0,0,1,0,0,1,0,0,0,1,0,1,1,0,1,1,1,1,0,0,1,0,1,1,0,1,1,0,1,0,0,0,1,1,0,1,1,0,1,1,1,0,1,1,1,0,0,1,0,1,0,0,0,0,1,0,1,1,1,1,1,0,1,0,1,0,0,1,0,1,0,0,1,0,0,0,1,0,0,0,0,0,1,0,0,0,0,0,1,1,0,0,1,1,1,0,0,0,1,1,0,0,0,1,1,0,1,0,0,1,0,1,1,1,0,0,0,1,1,0,1,1,1,0,1,1,1,1,1,0,0,1,1,1,1,0,0,1,1,1,1,1,0,0,1,0,0,0,0,1,1,1,0,1,0,0,1,0,0,0,0,1,1,0,1,0,0,0,1,1,0,1,0,0,0,0,0,0,0,0,0,0,0,0,0,1,1,1,1,0,0,1,0,1,1,1,0,0,0,1,1,1,0,0,0,0,0,0,0,1,0,1,1,1,0,1,0,0,1,0,1,1,1,0,0,1,1,1,1,0,0,0,1,0,1,1,1,1,0,1,0,0,1,1,0,1,1,1,0,0,0,1,1,1,1,1,0,0,1,0,0,0,0,0,1,0,0,1,1,0,1,0,1,0,0,1,1,0,0,1,0,1,1,1,0,0,0,0,1,0,1,1,1,0,1,1,1,0,1,1,1,0,1,0,1,0,0,1,1,1,1,0,0,0,1,1

              precision    recall  f1-score   support

    Relevant       0.60      0.74      0.67       227
  Irrelevant       0.78      0.65      0.71       317

    accuracy                           0.69       544
   macro avg       0.69      0.70      0.69       544
weighted avg       0.71      0.69      0.69       544
