Accuracy|Precision|Recall|F1 score|Kappa|ROC AUC|
0.6231617647058824|0.6971830985915493|0.6246056782334385|0.6589018302828619|0.24078209247862314|0.6822079239566976

0,1,0,0,1,1,0,1,1,0,1,0,0,1,0,0,1,1,0,0,0,0,1,1,1,0,1,1,1,1,1,0,1,1,0,1,1,1,0,1,1,1,0,1,0,1,1,1,1,1,0,1,0,1,0,0,1,1,0,1,1,1,0,1,0,0,0,1,0,0,0,0,0,1,1,1,1,0,0,1,1,1,1,1,1,0,1,0,1,1,1,1,0,0,1,0,1,0,0,1,0,0,1,1,0,1,1,1,1,1,1,0,1,1,1,1,0,1,0,0,1,1,1,0,0,1,1,0,1,1,1,1,1,0,0,0,0,1,0,1,0,1,1,0,1,0,0,0,1,0,0,0,0,0,1,1,0,0,1,1,1,1,1,0,1,1,0,1,0,1,1,0,1,0,0,0,0,0,1,1,0,1,0,1,0,1,1,1,1,1,1,0,0,1,1,0,1,0,0,1,1,1,1,1,1,0,0,1,0,1,1,0,1,1,0,1,1,0,1,1,0,0,1,1,0,0,0,1,1,0,1,0,1,1,0,0,1,1,0,1,1,0,0,1,1,0,1,0,0,1,0,1,1,1,1,1,1,0,0,0,0,1,1,0,1,1,1,0,0,0,1,1,1,0,1,1,1,0,0,1,0,0,1,1,1,1,1,1,0,0,1,0,1,0,0,1,0,1,1,0,1,0,0,0,1,1,0,0,0,0,1,0,0,0,0,0,1,1,1,1,1,1,1,1,0,0,1,1,0,0,0,1,0,0,1,0,0,1,1,1,1,1,1,0,1,0,1,1,1,0,0,0,1,1,1,1,0,1,0,1,1,1,0,1,0,1,1,1,0,1,1,1,0,1,0,0,1,1,1,1,0,1,0,1,1,0,1,1,0,1,0,0,1,1,0,1,0,1,1,1,0,0,0,0,0,1,0,0,1,0,1,0,0,1,1,1,1,1,1,1,1,1,1,1,1,0,1,1,1,1,1,1,1,0,0,1,0,1,1,1,0,1,1,1,1,1,1,0,1,0,1,0,0,1,1,1,1,0,1,0,0,0,1,0,1,1,1,1,1,0,1,0,1,0,1,1,0,0,1,1,1,1,1,1,1,0,1,1,0,1,0,1,1,0,1,1,1,0,0,1,1,0,1,1,0,0,0,1,0,1,1,1,0,0,0,1,1,1,0,0,1,0,0,0,0,0,1,1,1,0,1,1,0,0,1,1,1,0,0,1,0,0,1,1
0,1,0,0,1,1,0,1,1,0,1,0,0,0,0,1,1,1,0,0,1,1,1,1,1,1,1,1,1,1,1,0,1,0,0,1,1,0,1,0,1,0,0,1,0,0,1,1,1,0,1,0,1,1,0,0,0,0,0,1,0,0,1,1,0,0,0,1,1,0,0,0,1,0,0,1,0,1,0,0,1,0,1,1,0,0,0,1,0,1,1,1,0,1,1,1,1,0,0,1,0,0,0,1,1,1,1,0,1,1,1,0,0,1,1,0,0,0,0,0,1,1,0,0,0,1,0,0,0,0,1,0,0,1,1,1,0,0,1,0,0,1,0,1,1,0,0,0,1,1,0,0,1,0,1,1,0,0,0,0,1,1,0,1,1,1,0,1,0,1,0,1,1,0,0,0,0,1,1,0,1,0,1,1,0,1,0,1,0,0,1,1,0,1,1,1,1,1,1,1,0,1,1,0,1,1,1,1,1,1,0,0,0,1,1,0,0,1,1,1,1,0,0,0,0,0,0,1,0,1,1,0,0,1,0,0,0,1,0,1,1,0,1,0,1,0,0,1,1,1,1,1,0,0,1,0,1,0,1,1,1,0,0,0,0,1,1,0,0,0,1,1,1,0,0,1,0,0,0,0,0,0,1,0,1,1,0,1,0,1,1,0,1,0,1,0,1,1,0,0,1,1,0,0,1,1,1,0,0,1,1,0,0,1,0,1,0,1,0,0,1,1,0,1,0,1,0,0,0,0,0,0,0,1,1,0,0,1,1,0,1,1,0,0,0,0,1,1,1,0,1,0,1,1,1,1,1,1,0,1,1,1,0,0,0,1,1,1,0,1,1,0,0,1,1,0,1,1,0,1,0,1,1,0,1,0,0,1,0,1,1,1,1,0,1,0,1,1,1,1,0,0,0,0,1,1,0,1,1,0,0,1,1,1,1,0,0,0,0,1,0,1,1,0,0,0,1,0,1,1,0,1,1,1,1,1,0,1,0,1,1,1,0,1,0,0,1,1,1,1,1,0,0,1,0,1,1,0,0,1,1,0,1,0,1,0,1,1,0,0,1,0,1,0,1,1,0,0,0,1,1,1,0,1,1,0,1,0,0,0,0,0,1,1,1,1,0,0,1,0,0,0,1,1,0,1,0,1,0,1,1,1,0,0,1,0,1,1,1,1,1,1,1,1,0,0,0,0,0,0,1,1,1,0,0,1,0,1,0,0,0,1,1,1

              precision    recall  f1-score   support

    Relevant       0.54      0.62      0.58       227
  Irrelevant       0.70      0.62      0.66       317

    accuracy                           0.62       544
   macro avg       0.62      0.62      0.62       544
weighted avg       0.63      0.62      0.63       544
