Accuracy|Precision|Recall|F1 score|Kappa|ROC AUC|
0.8599562363238512|0.82|0.8541666666666666|0.836734693877551|0.7142187133588682|0.9382665094339623

0,0,0,1,0,1,1,0,0,0,0,0,1,0,1,1,0,1,0,0,1,1,1,1,0,1,0,0,0,0,1,1,0,0,1,0,1,0,1,1,0,0,0,0,1,0,1,0,1,0,0,0,1,1,1,0,1,0,1,1,1,0,1,1,1,0,1,0,0,1,0,1,0,0,0,0,0,0,0,0,1,0,1,0,1,0,0,0,0,1,0,0,1,0,0,1,1,0,0,1,1,0,0,0,1,0,1,0,1,0,0,1,1,0,0,1,1,0,0,0,0,0,0,0,0,1,1,0,1,1,1,0,0,0,0,0,1,0,1,1,0,1,0,1,1,0,0,1,0,1,0,0,0,0,1,0,0,1,1,0,0,0,1,1,1,0,0,1,1,0,0,0,0,0,1,1,0,1,1,0,0,0,0,0,0,0,0,0,1,0,0,1,1,0,1,1,1,0,0,1,0,1,0,0,1,1,0,1,0,0,0,0,1,0,1,0,1,0,0,1,1,0,1,0,0,1,0,0,0,1,1,1,1,0,1,1,0,1,1,1,0,0,0,1,0,0,0,0,0,1,1,0,0,0,0,0,1,0,0,0,1,1,1,1,1,0,0,0,1,1,1,0,1,1,0,1,1,0,1,1,1,0,0,1,0,0,1,1,0,0,1,1,1,0,0,0,1,1,0,1,0,0,0,0,1,0,1,0,0,1,1,0,0,0,1,0,0,1,1,0,0,1,1,1,0,0,1,0,0,0,0,0,1,0,0,1,0,0,0,1,1,1,1,1,1,0,1,0,1,0,1,0,1,0,1,0,0,1,0,0,1,0,0,0,0,1,0,0,0,1,0,1,0,1,0,0,1,0,0,0,1,0,0,1,1,1,1,1,0,0,0,0,0,0,1,0,0,0,1,1,1,1,0,0,1,0,1,1,0,1,0,1,0,1,1,0,0,0,1,0,0,1,0,0,0,0,1,0,1,0,0,0,1,1,0,0,0,0,0,0,1,0,0,1,0,1,0,1,0,0,0,0,0,1,0,1,1
0,0,0,1,0,1,1,0,0,1,0,0,0,0,1,1,1,1,0,0,1,1,0,1,1,1,0,0,0,0,1,1,1,0,0,0,1,1,1,1,0,1,0,1,1,0,1,0,1,0,0,0,1,1,0,0,1,0,1,1,1,0,0,1,1,0,1,0,0,1,0,1,0,0,0,0,0,0,0,0,1,0,1,0,1,1,1,0,0,1,0,0,1,0,0,1,1,1,0,1,1,0,1,0,0,0,0,0,1,0,0,1,1,0,0,1,1,0,0,1,1,0,0,0,0,1,1,0,1,0,1,0,0,0,1,0,0,0,1,1,1,0,0,1,1,1,1,0,0,0,0,0,1,1,1,1,0,1,1,0,1,0,1,1,0,0,0,1,1,0,0,0,0,0,1,1,0,0,1,0,0,0,0,0,0,1,0,0,1,0,0,1,1,1,1,1,1,0,0,1,0,1,0,0,1,1,0,1,0,0,0,0,1,0,1,0,1,0,0,1,1,0,1,0,0,1,0,0,0,1,1,1,1,1,1,1,0,1,0,1,0,0,0,1,0,1,0,0,0,1,1,0,0,0,0,0,1,0,0,0,1,1,0,1,1,0,0,0,1,1,1,0,1,1,0,1,1,0,0,1,0,0,0,1,0,0,1,1,0,0,1,1,1,1,0,1,1,0,1,1,0,0,0,1,1,1,1,0,0,1,1,0,0,0,0,0,0,1,1,0,0,1,1,1,0,0,1,0,0,0,0,0,1,1,0,1,0,0,0,1,1,1,1,0,1,0,1,0,1,1,1,0,1,0,1,0,0,1,0,1,1,0,0,0,0,1,1,0,0,1,0,1,0,1,0,0,1,0,0,0,1,0,0,1,1,1,0,1,0,0,0,0,0,0,1,0,0,0,1,0,1,1,0,0,0,1,0,1,0,1,0,1,0,1,1,0,0,0,1,0,0,1,0,0,0,0,0,1,1,0,0,0,1,1,0,0,0,0,0,0,1,0,0,0,0,0,0,1,0,0,0,0,0,1,0,1,1

              precision    recall  f1-score   support

    Relevant       0.89      0.86      0.88       265
  Irrelevant       0.82      0.85      0.84       192

    accuracy                           0.86       457
   macro avg       0.86      0.86      0.86       457
weighted avg       0.86      0.86      0.86       457
