Accuracy|Precision|Recall|F1 score|Kappa|ROC AUC|
0.8271334792122538|0.775609756097561|0.828125|0.801007556675063|0.6484923424432134|0.8869496855345912

0,0,0,1,0,1,1,0,0,0,0,0,1,0,1,1,0,1,0,0,1,1,1,1,0,1,0,0,0,0,1,1,0,0,1,0,1,0,1,1,0,0,0,0,1,0,1,0,1,0,0,0,1,1,1,0,1,0,1,1,1,0,1,1,1,0,1,0,0,1,0,1,0,0,0,0,0,0,0,0,1,0,1,0,1,0,0,0,0,1,0,0,1,0,0,1,1,0,0,1,1,0,0,0,1,0,1,0,1,0,0,1,1,0,0,1,1,0,0,0,0,0,0,0,0,1,1,0,1,1,1,0,0,0,0,0,1,0,1,1,0,1,0,1,1,0,0,1,0,1,0,0,0,0,1,0,0,1,1,0,0,0,1,1,1,0,0,1,1,0,0,0,0,0,1,1,0,1,1,0,0,0,0,0,0,0,0,0,1,0,0,1,1,0,1,1,1,0,0,1,0,1,0,0,1,1,0,1,0,0,0,0,1,0,1,0,1,0,0,1,1,0,1,0,0,1,0,0,0,1,1,1,1,0,1,1,0,1,1,1,0,0,0,1,0,0,0,0,0,1,1,0,0,0,0,0,1,0,0,0,1,1,1,1,1,0,0,0,1,1,1,0,1,1,0,1,1,0,1,1,1,0,0,1,0,0,1,1,0,0,1,1,1,0,0,0,1,1,0,1,0,0,0,0,1,0,1,0,0,1,1,0,0,0,1,0,0,1,1,0,0,1,1,1,0,0,1,0,0,0,0,0,1,0,0,1,0,0,0,1,1,1,1,1,1,0,1,0,1,0,1,0,1,0,1,0,0,1,0,0,1,0,0,0,0,1,0,0,0,1,0,1,0,1,0,0,1,0,0,0,1,0,0,1,1,1,1,1,0,0,0,0,0,0,1,0,0,0,1,1,1,1,0,0,1,0,1,1,0,1,0,1,0,1,1,0,0,0,1,0,0,1,0,0,0,0,1,0,1,0,0,0,1,1,0,0,0,0,0,0,1,0,0,1,0,1,0,1,0,0,0,0,0,1,0,1,1
0,0,0,1,0,1,1,0,0,0,0,0,0,1,0,1,0,1,0,0,1,1,1,1,1,1,0,0,0,0,1,1,0,0,0,0,1,0,1,1,0,1,0,0,1,0,0,0,1,0,0,0,0,1,1,0,1,0,1,1,1,0,1,1,1,0,1,0,0,1,0,1,0,0,0,0,0,0,1,0,1,0,1,0,1,0,1,0,0,1,0,1,1,0,0,1,1,0,0,1,1,0,1,0,0,0,0,0,1,0,0,1,1,0,0,1,1,0,0,1,0,0,0,0,0,1,1,0,1,0,1,0,0,0,0,0,0,0,0,1,0,0,0,1,1,1,1,0,0,1,1,0,1,1,1,0,0,1,0,0,0,0,0,1,0,0,0,1,1,0,0,0,0,1,0,1,0,1,1,0,1,0,0,0,0,1,0,0,1,0,0,1,1,1,1,1,1,0,0,1,1,1,0,0,1,1,0,1,0,0,0,0,1,0,1,0,1,0,0,1,1,0,1,0,1,1,1,0,1,1,1,1,1,0,1,1,0,1,1,1,0,0,0,1,0,0,0,1,0,1,0,0,0,0,0,0,1,0,0,1,1,1,0,1,1,0,0,0,1,0,1,0,1,1,0,1,0,0,1,1,0,0,0,1,0,0,1,1,0,1,1,0,1,0,0,1,1,1,0,0,0,1,0,0,1,0,1,0,0,1,1,1,1,0,1,0,1,0,1,0,0,1,1,0,0,0,1,1,0,0,0,1,1,1,0,1,0,0,0,1,1,1,1,1,1,0,1,0,1,1,1,0,1,0,1,1,0,1,0,0,1,0,0,1,0,1,1,0,1,1,0,1,0,1,0,0,1,1,0,0,1,0,0,1,1,1,0,1,1,0,0,0,0,0,1,1,0,0,1,0,1,1,0,0,0,1,0,1,0,0,1,1,0,1,1,1,0,0,1,0,0,1,0,1,0,0,0,1,1,0,0,0,1,1,0,0,1,0,0,0,1,0,0,0,0,1,0,1,0,0,0,0,0,1,0,1,0

              precision    recall  f1-score   support

    Relevant       0.87      0.83      0.85       265
  Irrelevant       0.78      0.83      0.80       192

    accuracy                           0.83       457
   macro avg       0.82      0.83      0.82       457
weighted avg       0.83      0.83      0.83       457
