Accuracy|Precision|Recall|F1 score|Kappa|ROC AUC|
0.8818380743982495|0.859375|0.859375|0.859375|0.7574882075471698|0.9413522012578617

0,0,0,1,0,1,1,0,0,0,0,0,1,0,1,1,0,1,0,0,1,1,1,1,0,1,0,0,0,0,1,1,0,0,1,0,1,0,1,1,0,0,0,0,1,0,1,0,1,0,0,0,1,1,1,0,1,0,1,1,1,0,1,1,1,0,1,0,0,1,0,1,0,0,0,0,0,0,0,0,1,0,1,0,1,0,0,0,0,1,0,0,1,0,0,1,1,0,0,1,1,0,0,0,1,0,1,0,1,0,0,1,1,0,0,1,1,0,0,0,0,0,0,0,0,1,1,0,1,1,1,0,0,0,0,0,1,0,1,1,0,1,0,1,1,0,0,1,0,1,0,0,0,0,1,0,0,1,1,0,0,0,1,1,1,0,0,1,1,0,0,0,0,0,1,1,0,1,1,0,0,0,0,0,0,0,0,0,1,0,0,1,1,0,1,1,1,0,0,1,0,1,0,0,1,1,0,1,0,0,0,0,1,0,1,0,1,0,0,1,1,0,1,0,0,1,0,0,0,1,1,1,1,0,1,1,0,1,1,1,0,0,0,1,0,0,0,0,0,1,1,0,0,0,0,0,1,0,0,0,1,1,1,1,1,0,0,0,1,1,1,0,1,1,0,1,1,0,1,1,1,0,0,1,0,0,1,1,0,0,1,1,1,0,0,0,1,1,0,1,0,0,0,0,1,0,1,0,0,1,1,0,0,0,1,0,0,1,1,0,0,1,1,1,0,0,1,0,0,0,0,0,1,0,0,1,0,0,0,1,1,1,1,1,1,0,1,0,1,0,1,0,1,0,1,0,0,1,0,0,1,0,0,0,0,1,0,0,0,1,0,1,0,1,0,0,1,0,0,0,1,0,0,1,1,1,1,1,0,0,0,0,0,0,1,0,0,0,1,1,1,1,0,0,1,0,1,1,0,1,0,1,0,1,1,0,0,0,1,0,0,1,0,0,0,0,1,0,1,0,0,0,1,1,0,0,0,0,0,0,1,0,0,1,0,1,0,1,0,0,0,0,0,1,0,1,1
0,0,0,1,0,1,1,0,0,0,0,0,0,0,1,1,0,1,0,0,1,1,0,1,1,1,0,0,0,0,1,1,0,0,0,0,1,0,1,1,0,1,0,1,1,0,1,0,1,0,0,0,1,1,0,0,1,0,1,1,1,0,1,1,1,0,1,0,0,1,0,1,0,0,0,0,0,0,1,0,1,0,1,0,1,1,1,0,0,1,0,0,1,0,0,1,1,1,0,1,1,0,1,0,0,0,0,0,1,0,0,1,1,0,0,1,1,0,0,0,0,0,0,0,0,1,1,0,1,0,1,0,0,0,0,0,0,0,1,1,0,0,0,1,1,1,1,0,0,0,0,0,1,1,1,0,0,1,1,0,0,0,1,1,1,0,0,1,1,0,0,0,0,0,1,1,0,0,1,0,0,0,0,0,0,1,0,0,1,0,0,1,1,1,1,1,1,0,0,1,0,1,0,0,1,1,0,1,0,0,0,0,1,0,1,0,1,1,0,1,1,0,1,0,0,1,0,0,0,1,1,1,1,1,1,1,0,1,0,1,0,0,0,1,0,0,0,0,0,1,1,0,0,0,0,0,1,0,0,0,1,1,1,1,1,0,0,0,1,1,1,0,1,1,0,1,1,0,0,1,0,0,0,1,0,0,1,1,0,0,1,0,1,1,0,1,1,0,1,1,0,0,0,1,1,1,1,0,0,1,1,0,1,0,0,0,0,1,1,0,0,1,1,1,0,0,1,0,0,0,0,0,1,0,0,1,0,0,0,1,1,1,1,0,1,0,1,0,1,1,1,0,1,0,1,0,0,1,0,1,1,0,0,0,0,1,1,0,0,1,0,1,0,1,0,0,1,0,0,0,1,0,0,1,1,1,0,1,0,0,0,0,0,0,1,0,0,0,1,0,1,1,0,0,0,1,0,1,0,1,0,1,0,1,1,0,0,0,1,0,0,1,0,0,0,0,0,1,1,0,0,0,1,1,0,0,0,0,0,0,1,0,0,0,0,0,0,1,0,0,0,0,0,1,0,1,0

              precision    recall  f1-score   support

    Relevant       0.90      0.90      0.90       265
  Irrelevant       0.86      0.86      0.86       192

    accuracy                           0.88       457
   macro avg       0.88      0.88      0.88       457
weighted avg       0.88      0.88      0.88       457
